6.996647e+00 6.993327e+00 6.990070e+00 6.986906e+00 6.983861e+00 6.980959e+00 6.978220e+00 6.975659e+00 6.973288e+00 6.971114e+00 6.969139e+00 6.967363e+00 6.965780e+00 6.964384e+00 6.963163e+00 6.962107e+00 6.961201e+00 6.960432e+00 6.959785e+00 6.959247e+00 6.958802e+00 6.958439e+00 6.958145e+00 6.957910e+00 6.957723e+00 6.957576e+00 6.957462e+00 6.957374e+00 6.957306e+00 6.957255e+00 6.957217e+00 6.957189e+00 6.957168e+00 6.957153e+00 6.957142e+00 6.957134e+00 6.957128e+00 6.957125e+00 6.957122e+00 6.957120e+00 6.957119e+00 6.957118e+00 6.957117e+00 6.957117e+00 6.957117e+00 6.957117e+00 6.957116e+00 6.957116e+00 6.957116e+00 6.957116e+00 6.957116e+00 6.957116e+00 6.957116e+00 6.957116e+00 6.957116e+00 6.957116e+00 6.957116e+00 6.957116e+00 6.957116e+00 6.957116e+00 6.957116e+00 6.957116e+00 6.957116e+00 6.957116e+00 6.957116e+00 6.957116e+00 6.957116e+00 6.957116e+00 6.957116e+00 6.957116e+00 6.957116e+00 6.957116e+00 6.957116e+00 6.957116e+00 6.957116e+00 6.957116e+00 6.957116e+00 6.957116e+00 6.957116e+00 6.957116e+00 6.957116e+00 6.957116e+00 6.957117e+00 6.957117e+00 6.957117e+00 6.957117e+00 6.957118e+00 6.957119e+00 6.957120e+00 6.957122e+00 6.957125e+00 6.957128e+00 6.957134e+00 6.957142e+00 6.957153e+00 6.957168e+00 6.957189e+00 6.957217e+00 6.957255e+00 6.957306e+00 6.957374e+00 6.957462e+00 6.957576e+00 6.957723e+00 6.957910e+00 6.958145e+00 6.958439e+00 6.958802e+00 6.959247e+00 6.959785e+00 6.960432e+00 6.961201e+00 6.962107e+00 6.963163e+00 6.964384e+00 6.965780e+00 6.967363e+00 6.969139e+00 6.971114e+00 6.973288e+00 6.975659e+00 6.978220e+00 6.980959e+00 6.983861e+00 6.986906e+00 6.990070e+00 6.993327e+00 6.996647e+00
6.993327e+00 6.986718e+00 6.980235e+00 6.973937e+00 6.967876e+00 6.962100e+00 6.956648e+00 6.951551e+00 6.946832e+00 6.942505e+00 6.938574e+00 6.935038e+00 6.931888e+00 6.929109e+00 6.926679e+00 6.924577e+00 6.922774e+00 6.921243e+00 6.919956e+00 6.918884e+00 6.918000e+00 6.917277e+00 6.916692e+00 6.916224e+00 6.915852e+00 6.915559e+00 6.915332e+00 6.915156e+00 6.915022e+00 6.914920e+00 6.914844e+00 6.914788e+00 6.914746e+00 6.914716e+00 6.914695e+00 6.914679e+00 6.914668e+00 6.914660e+00 6.914655e+00 6.914651e+00 6.914649e+00 6.914647e+00 6.914646e+00 6.914645e+00 6.914645e+00 6.914644e+00 6.914644e+00 6.914644e+00 6.914644e+00 6.914644e+00 6.914644e+00 6.914644e+00 6.914644e+00 6.914644e+00 6.914644e+00 6.914644e+00 6.914644e+00 6.914644e+00 6.914644e+00 6.914644e+00 6.914644e+00 6.914644e+00 6.914644e+00 6.914644e+00 6.914644e+00 6.914644e+00 6.914644e+00 6.914644e+00 6.914644e+00 6.914644e+00 6.914644e+00 6.914644e+00 6.914644e+00 6.914644e+00 6.914644e+00 6.914644e+00 6.914644e+00 6.914644e+00 6.914644e+00 6.914644e+00 6.914644e+00 6.914644e+00 6.914644e+00 6.914645e+00 6.914645e+00 6.914646e+00 6.914647e+00 6.914649e+00 6.914651e+00 6.914655e+00 6.914660e+00 6.914668e+00 6.914679e+00 6.914695e+00 6.914716e+00 6.914746e+00 6.914788e+00 6.914844e+00 6.914920e+00 6.915022e+00 6.915156e+00 6.915332e+00 6.915559e+00 6.915852e+00 6.916224e+00 6.916692e+00 6.917277e+00 6.918000e+00 6.918884e+00 6.919956e+00 6.921243e+00 6.922774e+00 6.924577e+00 6.926679e+00 6.929109e+00 6.931888e+00 6.935038e+00 6.938574e+00 6.942505e+00 6.946832e+00 6.951551e+00 6.956648e+00 6.962100e+00 6.967876e+00 6.973937e+00 6.980235e+00 6.986718e+00 6.993327e+00
6.990070e+00 6.980235e+00 6.970588e+00 6.961215e+00 6.952196e+00 6.943601e+00 6.935488e+00 6.927903e+00 6.920881e+00 6.914441e+00 6.908592e+00 6.903331e+00 6.898643e+00 6.894507e+00 6.890892e+00 6.887763e+00 6.885080e+00 6.882802e+00 6.880887e+00 6.879292e+00 6.877976e+00 6.876900e+00 6.876030e+00 6.875333e+00 6.874779e+00 6.874344e+00 6.874006e+00 6.873744e+00 6.873545e+00 6.873394e+00 6.873281e+00 6.873197e+00 6.873135e+00 6.873090e+00 6.873058e+00 6.873035e+00 6.873018e+00 6.873007e+00 6.872999e+00 6.872993e+00 6.872990e+00 6.872987e+00 6.872986e+00 6.872984e+00 6.872984e+00 6.872983e+00 6.872983e+00 6.872983e+00 6.872983e+00 6.872983e+00 6.872983e+00 6.872982e+00 6.872982e+00 6.872982e+00 6.872982e+00 6.872982e+00 6.872982e+00 6.872982e+00 6.872982e+00 6.872982e+00 6.872982e+00 6.872982e+00 6.872982e+00 6.872982e+00 6.872982e+00 6.872982e+00 6.872982e+00 6.872982e+00 6.872982e+00 6.872982e+00 6.872982e+00 6.872982e+00 6.872982e+00 6.872982e+00 6.872982e+00 6.872982e+00 6.872982e+00 6.872983e+00 6.872983e+00 6.872983e+00 6.872983e+00 6.872983e+00 6.872983e+00 6.872984e+00 6.872984e+00 6.872986e+00 6.872987e+00 6.872990e+00 6.872993e+00 6.872999e+00 6.873007e+00 6.873018e+00 6.873035e+00 6.873058e+00 6.873090e+00 6.873135e+00 6.873197e+00 6.873281e+00 6.873394e+00 6.873545e+00 6.873744e+00 6.874006e+00 6.874344e+00 6.874779e+00 6.875333e+00 6.876030e+00 6.876900e+00 6.877976e+00 6.879292e+00 6.880887e+00 6.882802e+00 6.885080e+00 6.887763e+00 6.890892e+00 6.894507e+00 6.898643e+00 6.903331e+00 6.908592e+00 6.914441e+00 6.920881e+00 6.927903e+00 6.935488e+00 6.943601e+00 6.952196e+00 6.961215e+00 6.970588e+00 6.980235e+00 6.990070e+00
6.986906e+00 6.973937e+00 6.961215e+00 6.948855e+00 6.936962e+00 6.925628e+00 6.914930e+00 6.904928e+00 6.895668e+00 6.887176e+00 6.879464e+00 6.872526e+00 6.866344e+00 6.860890e+00 6.856123e+00 6.851997e+00 6.848460e+00 6.845457e+00 6.842931e+00 6.840827e+00 6.839092e+00 6.837674e+00 6.836527e+00 6.835608e+00 6.834878e+00 6.834304e+00 6.833857e+00 6.833513e+00 6.833250e+00 6.833051e+00 6.832902e+00 6.832791e+00 6.832710e+00 6.832650e+00 6.832608e+00 6.832577e+00 6.832556e+00 6.832541e+00 6.832530e+00 6.832523e+00 6.832518e+00 6.832515e+00 6.832512e+00 6.832511e+00 6.832510e+00 6.832509e+00 6.832509e+00 6.832509e+00 6.832509e+00 6.832509e+00 6.832508e+00 6.832508e+00 6.832508e+00 6.832508e+00 6.832508e+00 6.832508e+00 6.832508e+00 6.832508e+00 6.832508e+00 6.832508e+00 6.832508e+00 6.832508e+00 6.832508e+00 6.832508e+00 6.832508e+00 6.832508e+00 6.832508e+00 6.832508e+00 6.832508e+00 6.832508e+00 6.832508e+00 6.832508e+00 6.832508e+00 6.832508e+00 6.832508e+00 6.832508e+00 6.832508e+00 6.832508e+00 6.832509e+00 6.832509e+00 6.832509e+00 6.832509e+00 6.832509e+00 6.832510e+00 6.832511e+00 6.832512e+00 6.832515e+00 6.832518e+00 6.832523e+00 6.832530e+00 6.832541e+00 6.832556e+00 6.832577e+00 6.832608e+00 6.832650e+00 6.832710e+00 6.832791e+00 6.832902e+00 6.833051e+00 6.833250e+00 6.833513e+00 6.833857e+00 6.834304e+00 6.834878e+00 6.835608e+00 6.836527e+00 6.837674e+00 6.839092e+00 6.840827e+00 6.842931e+00 6.845457e+00 6.848460e+00 6.851997e+00 6.856123e+00 6.860890e+00 6.866344e+00 6.872526e+00 6.879464e+00 6.887176e+00 6.895668e+00 6.904928e+00 6.914930e+00 6.925628e+00 6.936962e+00 6.948855e+00 6.961215e+00 6.973937e+00 6.986906e+00
6.983861e+00 6.967876e+00 6.952196e+00 6.936962e+00 6.922304e+00 6.908334e+00 6.895148e+00 6.882821e+00 6.871408e+00 6.860942e+00 6.851436e+00 6.842884e+00 6.835266e+00 6.828544e+00 6.822669e+00 6.817583e+00 6.813224e+00 6.809522e+00 6.806410e+00 6.803817e+00 6.801679e+00 6.799931e+00 6.798517e+00 6.797384e+00 6.796485e+00 6.795778e+00 6.795227e+00 6.794803e+00 6.794479e+00 6.794233e+00 6.794050e+00 6.793913e+00 6.793813e+00 6.793740e+00 6.793687e+00 6.793650e+00 6.793623e+00 6.793605e+00 6.793592e+00 6.793583e+00 6.793577e+00 6.793573e+00 6.793570e+00 6.793568e+00 6.793567e+00 6.793566e+00 6.793566e+00 6.793566e+00 6.793565e+00 6.793565e+00 6.793565e+00 6.793565e+00 6.793565e+00 6.793565e+00 6.793565e+00 6.793565e+00 6.793565e+00 6.793565e+00 6.793565e+00 6.793565e+00 6.793565e+00 6.793565e+00 6.793565e+00 6.793565e+00 6.793565e+00 6.793565e+00 6.793565e+00 6.793565e+00 6.793565e+00 6.793565e+00 6.793565e+00 6.793565e+00 6.793565e+00 6.793565e+00 6.793565e+00 6.793565e+00 6.793565e+00 6.793565e+00 6.793565e+00 6.793565e+00 6.793566e+00 6.793566e+00 6.793566e+00 6.793567e+00 6.793568e+00 6.793570e+00 6.793573e+00 6.793577e+00 6.793583e+00 6.793592e+00 6.793605e+00 6.793623e+00 6.793650e+00 6.793687e+00 6.793740e+00 6.793813e+00 6.793913e+00 6.794050e+00 6.794233e+00 6.794479e+00 6.794803e+00 6.795227e+00 6.795778e+00 6.796485e+00 6.797384e+00 6.798517e+00 6.799931e+00 6.801679e+00 6.803817e+00 6.806410e+00 6.809522e+00 6.813224e+00 6.817583e+00 6.822669e+00 6.828544e+00 6.835266e+00 6.842884e+00 6.851436e+00 6.860942e+00 6.871408e+00 6.882821e+00 6.895148e+00 6.908334e+00 6.922304e+00 6.936962e+00 6.952196e+00 6.967876e+00 6.983861e+00
6.980959e+00 6.962100e+00 6.943601e+00 6.925628e+00 6.908334e+00 6.891853e+00 6.876296e+00 6.861753e+00 6.848288e+00 6.835940e+00 6.824725e+00 6.814637e+00 6.805649e+00 6.797718e+00 6.790787e+00 6.784788e+00 6.779645e+00 6.775278e+00 6.771606e+00 6.768548e+00 6.766025e+00 6.763964e+00 6.762296e+00 6.760959e+00 6.759898e+00 6.759064e+00 6.758415e+00 6.757914e+00 6.757532e+00 6.757242e+00 6.757025e+00 6.756865e+00 6.756746e+00 6.756660e+00 6.756598e+00 6.756554e+00 6.756523e+00 6.756501e+00 6.756486e+00 6.756475e+00 6.756468e+00 6.756463e+00 6.756460e+00 6.756458e+00 6.756457e+00 6.756456e+00 6.756455e+00 6.756455e+00 6.756454e+00 6.756454e+00 6.756454e+00 6.756454e+00 6.756454e+00 6.756454e+00 6.756454e+00 6.756454e+00 6.756454e+00 6.756454e+00 6.756454e+00 6.756454e+00 6.756454e+00 6.756454e+00 6.756454e+00 6.756454e+00 6.756454e+00 6.756454e+00 6.756454e+00 6.756454e+00 6.756454e+00 6.756454e+00 6.756454e+00 6.756454e+00 6.756454e+00 6.756454e+00 6.756454e+00 6.756454e+00 6.756454e+00 6.756454e+00 6.756454e+00 6.756454e+00 6.756455e+00 6.756455e+00 6.756456e+00 6.756457e+00 6.756458e+00 6.756460e+00 6.756463e+00 6.756468e+00 6.756475e+00 6.756486e+00 6.756501e+00 6.756523e+00 6.756554e+00 6.756598e+00 6.756660e+00 6.756746e+00 6.756865e+00 6.757025e+00 6.757242e+00 6.757532e+00 6.757914e+00 6.758415e+00 6.759064e+00 6.759898e+00 6.760959e+00 6.762296e+00 6.763964e+00 6.766025e+00 6.768548e+00 6.771606e+00 6.775278e+00 6.779645e+00 6.784788e+00 6.790787e+00 6.797718e+00 6.805649e+00 6.814637e+00 6.824725e+00 6.835940e+00 6.848288e+00 6.861753e+00 6.876296e+00 6.891853e+00 6.908334e+00 6.925628e+00 6.943601e+00 6.962100e+00 6.980959e+00
6.978220e+00 6.956648e+00 6.935488e+00 6.914930e+00 6.895148e+00 6.876296e+00 6.858502e+00 6.841867e+00 6.826465e+00 6.812341e+00 6.799514e+00 6.787975e+00 6.777694e+00 6.768623e+00 6.760696e+00 6.753834e+00 6.747952e+00 6.742957e+00 6.738757e+00 6.735259e+00 6.732374e+00 6.730017e+00 6.728109e+00 6.726580e+00 6.725367e+00 6.724413e+00 6.723671e+00 6.723098e+00 6.722660e+00 6.722330e+00 6.722082e+00 6.721898e+00 6.721763e+00 6.721664e+00 6.721593e+00 6.721543e+00 6.721507e+00 6.721482e+00 6.721464e+00 6.721452e+00 6.721444e+00 6.721439e+00 6.721435e+00 6.721433e+00 6.721431e+00 6.721430e+00 6.721430e+00 6.721429e+00 6.721429e+00 6.721429e+00 6.721429e+00 6.721429e+00 6.721428e+00 6.721428e+00 6.721428e+00 6.721428e+00 6.721428e+00 6.721428e+00 6.721428e+00 6.721428e+00 6.721428e+00 6.721428e+00 6.721428e+00 6.721428e+00 6.721428e+00 6.721428e+00 6.721428e+00 6.721428e+00 6.721428e+00 6.721428e+00 6.721428e+00 6.721428e+00 6.721428e+00 6.721428e+00 6.721428e+00 6.721428e+00 6.721429e+00 6.721429e+00 6.721429e+00 6.721429e+00 6.721429e+00 6.721430e+00 6.721430e+00 6.721431e+00 6.721433e+00 6.721435e+00 6.721439e+00 6.721444e+00 6.721452e+00 6.721464e+00 6.721482e+00 6.721507e+00 6.721543e+00 6.721593e+00 6.721664e+00 6.721763e+00 6.721898e+00 6.722082e+00 6.722330e+00 6.722660e+00 6.723098e+00 6.723671e+00 6.724413e+00 6.725367e+00 6.726580e+00 6.728109e+00 6.730017e+00 6.732374e+00 6.735259e+00 6.738757e+00 6.742957e+00 6.747952e+00 6.753834e+00 6.760696e+00 6.768623e+00 6.777694e+00 6.787975e+00 6.799514e+00 6.812341e+00 6.826465e+00 6.841867e+00 6.858502e+00 6.876296e+00 6.895148e+00 6.914930e+00 6.935488e+00 6.956648e+00 6.978220e+00
6.975659e+00 6.951551e+00 6.927903e+00 6.904928e+00 6.882821e+00 6.861753e+00 6.841867e+00 6.823277e+00 6.806065e+00 6.790281e+00 6.775945e+00 6.763050e+00 6.751562e+00 6.741425e+00 6.732566e+00 6.724898e+00 6.718325e+00 6.712744e+00 6.708051e+00 6.704142e+00 6.700918e+00 6.698284e+00 6.696152e+00 6.694444e+00 6.693089e+00 6.692023e+00 6.691193e+00 6.690553e+00 6.690064e+00 6.689695e+00 6.689418e+00 6.689212e+00 6.689061e+00 6.688951e+00 6.688872e+00 6.688816e+00 6.688776e+00 6.688748e+00 6.688728e+00 6.688715e+00 6.688706e+00 6.688700e+00 6.688696e+00 6.688693e+00 6.688691e+00 6.688690e+00 6.688689e+00 6.688689e+00 6.688688e+00 6.688688e+00 6.688688e+00 6.688688e+00 6.688688e+00 6.688688e+00 6.688688e+00 6.688688e+00 6.688688e+00 6.688688e+00 6.688688e+00 6.688688e+00 6.688688e+00 6.688688e+00 6.688688e+00 6.688688e+00 6.688688e+00 6.688688e+00 6.688688e+00 6.688688e+00 6.688688e+00 6.688688e+00 6.688688e+00 6.688688e+00 6.688688e+00 6.688688e+00 6.688688e+00 6.688688e+00 6.688688e+00 6.688688e+00 6.688688e+00 6.688688e+00 6.688689e+00 6.688689e+00 6.688690e+00 6.688691e+00 6.688693e+00 6.688696e+00 6.688700e+00 6.688706e+00 6.688715e+00 6.688728e+00 6.688748e+00 6.688776e+00 6.688816e+00 6.688872e+00 6.688951e+00 6.689061e+00 6.689212e+00 6.689418e+00 6.689695e+00 6.690064e+00 6.690553e+00 6.691193e+00 6.692023e+00 6.693089e+00 6.694444e+00 6.696152e+00 6.698284e+00 6.700918e+00 6.704142e+00 6.708051e+00 6.712744e+00 6.718325e+00 6.724898e+00 6.732566e+00 6.741425e+00 6.751562e+00 6.763050e+00 6.775945e+00 6.790281e+00 6.806065e+00 6.823277e+00 6.841867e+00 6.861753e+00 6.882821e+00 6.904928e+00 6.927903e+00 6.951551e+00 6.975659e+00
6.973288e+00 6.946832e+00 6.920881e+00 6.895668e+00 6.871408e+00 6.848288e+00 6.826465e+00 6.806065e+00 6.787176e+00 6.769856e+00 6.754125e+00 6.739974e+00 6.727368e+00 6.716244e+00 6.706523e+00 6.698109e+00 6.690896e+00 6.684772e+00 6.679622e+00 6.675333e+00 6.671795e+00 6.668905e+00 6.666567e+00 6.664693e+00 6.663205e+00 6.662036e+00 6.661125e+00 6.660423e+00 6.659887e+00 6.659482e+00 6.659178e+00 6.658952e+00 6.658787e+00 6.658666e+00 6.658579e+00 6.658517e+00 6.658473e+00 6.658443e+00 6.658421e+00 6.658407e+00 6.658397e+00 6.658390e+00 6.658386e+00 6.658383e+00 6.658381e+00 6.658379e+00 6.658379e+00 6.658378e+00 6.658378e+00 6.658378e+00 6.658377e+00 6.658377e+00 6.658377e+00 6.658377e+00 6.658377e+00 6.658377e+00 6.658377e+00 6.658377e+00 6.658377e+00 6.658377e+00 6.658377e+00 6.658377e+00 6.658377e+00 6.658377e+00 6.658377e+00 6.658377e+00 6.658377e+00 6.658377e+00 6.658377e+00 6.658377e+00 6.658377e+00 6.658377e+00 6.658377e+00 6.658377e+00 6.658377e+00 6.658377e+00 6.658377e+00 6.658377e+00 6.658378e+00 6.658378e+00 6.658378e+00 6.658379e+00 6.658379e+00 6.658381e+00 6.658383e+00 6.658386e+00 6.658390e+00 6.658397e+00 6.658407e+00 6.658421e+00 6.658443e+00 6.658473e+00 6.658517e+00 6.658579e+00 6.658666e+00 6.658787e+00 6.658952e+00 6.659178e+00 6.659482e+00 6.659887e+00 6.660423e+00 6.661125e+00 6.662036e+00 6.663205e+00 6.664693e+00 6.666567e+00 6.668905e+00 6.671795e+00 6.675333e+00 6.679622e+00 6.684772e+00 6.690896e+00 6.698109e+00 6.706523e+00 6.716244e+00 6.727368e+00 6.739974e+00 6.754125e+00 6.769856e+00 6.787176e+00 6.806065e+00 6.826465e+00 6.848288e+00 6.871408e+00 6.895668e+00 6.920881e+00 6.946832e+00 6.973288e+00
6.971114e+00 6.942505e+00 6.914441e+00 6.887176e+00 6.860942e+00 6.835940e+00 6.812341e+00 6.790281e+00 6.769856e+00 6.751126e+00 6.734115e+00 6.718813e+00 6.705182e+00 6.693153e+00 6.682642e+00 6.673544e+00 6.665744e+00 6.659123e+00 6.653555e+00 6.648917e+00 6.645092e+00 6.641967e+00 6.639439e+00 6.637412e+00 6.635804e+00 6.634540e+00 6.633556e+00 6.632797e+00 6.632217e+00 6.631779e+00 6.631450e+00 6.631207e+00 6.631028e+00 6.630897e+00 6.630803e+00 6.630736e+00 6.630689e+00 6.630656e+00 6.630633e+00 6.630617e+00 6.630606e+00 6.630599e+00 6.630594e+00 6.630591e+00 6.630589e+00 6.630587e+00 6.630586e+00 6.630586e+00 6.630586e+00 6.630585e+00 6.630585e+00 6.630585e+00 6.630585e+00 6.630585e+00 6.630585e+00 6.630585e+00 6.630585e+00 6.630585e+00 6.630585e+00 6.630585e+00 6.630585e+00 6.630585e+00 6.630585e+00 6.630585e+00 6.630585e+00 6.630585e+00 6.630585e+00 6.630585e+00 6.630585e+00 6.630585e+00 6.630585e+00 6.630585e+00 6.630585e+00 6.630585e+00 6.630585e+00 6.630585e+00 6.630585e+00 6.630585e+00 6.630585e+00 6.630586e+00 6.630586e+00 6.630586e+00 6.630587e+00 6.630589e+00 6.630591e+00 6.630594e+00 6.630599e+00 6.630606e+00 6.630617e+00 6.630633e+00 6.630656e+00 6.630689e+00 6.630736e+00 6.630803e+00 6.630897e+00 6.631028e+00 6.631207e+00 6.631450e+00 6.631779e+00 6.632217e+00 6.632797e+00 6.633556e+00 6.634540e+00 6.635804e+00 6.637412e+00 6.639439e+00 6.641967e+00 6.645092e+00 6.648917e+00 6.653555e+00 6.659123e+00 6.665744e+00 6.673544e+00 6.682642e+00 6.693153e+00 6.705182e+00 6.718813e+00 6.734115e+00 6.751126e+00 6.769856e+00 6.790281e+00 6.812341e+00 6.835940e+00 6.860942e+00 6.887176e+00 6.914441e+00 6.942505e+00 6.971114e+00
6.969139e+00 6.938574e+00 6.908592e+00 6.879464e+00 6.851436e+00 6.824725e+00 6.799514e+00 6.775945e+00 6.754125e+00 6.734115e+00 6.715942e+00 6.699595e+00 6.685032e+00 6.672183e+00 6.660953e+00 6.651234e+00 6.642903e+00 6.635829e+00 6.629881e+00 6.624928e+00 6.620842e+00 6.617504e+00 6.614803e+00 6.612639e+00 6.610921e+00 6.609571e+00 6.608519e+00 6.607709e+00 6.607090e+00 6.606621e+00 6.606271e+00 6.606010e+00 6.605819e+00 6.605680e+00 6.605580e+00 6.605508e+00 6.605457e+00 6.605422e+00 6.605397e+00 6.605381e+00 6.605369e+00 6.605361e+00 6.605356e+00 6.605353e+00 6.605350e+00 6.605349e+00 6.605348e+00 6.605347e+00 6.605347e+00 6.605347e+00 6.605347e+00 6.605347e+00 6.605347e+00 6.605347e+00 6.605347e+00 6.605347e+00 6.605347e+00 6.605347e+00 6.605347e+00 6.605347e+00 6.605347e+00 6.605347e+00 6.605347e+00 6.605347e+00 6.605347e+00 6.605347e+00 6.605347e+00 6.605347e+00 6.605347e+00 6.605347e+00 6.605347e+00 6.605347e+00 6.605347e+00 6.605347e+00 6.605347e+00 6.605347e+00 6.605347e+00 6.605347e+00 6.605347e+00 6.605347e+00 6.605347e+00 6.605348e+00 6.605349e+00 6.605350e+00 6.605353e+00 6.605356e+00 6.605361e+00 6.605369e+00 6.605381e+00 6.605397e+00 6.605422e+00 6.605457e+00 6.605508e+00 6.605580e+00 6.605680e+00 6.605819e+00 6.606010e+00 6.606271e+00 6.606621e+00 6.607090e+00 6.607709e+00 6.608519e+00 6.609571e+00 6.610921e+00 6.612639e+00 6.614803e+00 6.617504e+00 6.620842e+00 6.624928e+00 6.629881e+00 6.635829e+00 6.642903e+00 6.651234e+00 6.660953e+00 6.672183e+00 6.685032e+00 6.699595e+00 6.715942e+00 6.734115e+00 6.754125e+00 6.775945e+00 6.799514e+00 6.824725e+00 6.851436e+00 6.879464e+00 6.908592e+00 6.938574e+00 6.969139e+00
6.967363e+00 6.935038e+00 6.903331e+00 6.872526e+00 6.842884e+00 6.814637e+00 6.787975e+00 6.763050e+00 6.739974e+00 6.718813e+00 6.699595e+00 6.682309e+00 6.666908e+00 6.653320e+00 6.641445e+00 6.631168e+00 6.622358e+00 6.614878e+00 6.608588e+00 6.603350e+00 6.599030e+00 6.595500e+00 6.592645e+00 6.590356e+00 6.588540e+00 6.587113e+00 6.586001e+00 6.585144e+00 6.584490e+00 6.583995e+00 6.583624e+00 6.583349e+00 6.583147e+00 6.583000e+00 6.582893e+00 6.582818e+00 6.582764e+00 6.582727e+00 6.582701e+00 6.582683e+00 6.582671e+00 6.582663e+00 6.582657e+00 6.582653e+00 6.582651e+00 6.582650e+00 6.582649e+00 6.582648e+00 6.582648e+00 6.582647e+00 6.582647e+00 6.582647e+00 6.582647e+00 6.582647e+00 6.582647e+00 6.582647e+00 6.582647e+00 6.582647e+00 6.582647e+00 6.582647e+00 6.582647e+00 6.582647e+00 6.582647e+00 6.582647e+00 6.582647e+00 6.582647e+00 6.582647e+00 6.582647e+00 6.582647e+00 6.582647e+00 6.582647e+00 6.582647e+00 6.582647e+00 6.582647e+00 6.582647e+00 6.582647e+00 6.582647e+00 6.582647e+00 6.582647e+00 6.582648e+00 6.582648e+00 6.582649e+00 6.582650e+00 6.582651e+00 6.582653e+00 6.582657e+00 6.582663e+00 6.582671e+00 6.582683e+00 6.582701e+00 6.582727e+00 6.582764e+00 6.582818e+00 6.582893e+00 6.583000e+00 6.583147e+00 6.583349e+00 6.583624e+00 6.583995e+00 6.584490e+00 6.585144e+00 6.586001e+00 6.587113e+00 6.588540e+00 6.590356e+00 6.592645e+00 6.595500e+00 6.599030e+00 6.603350e+00 6.608588e+00 6.614878e+00 6.622358e+00 6.631168e+00 6.641445e+00 6.653320e+00 6.666908e+00 6.682309e+00 6.699595e+00 6.718813e+00 6.739974e+00 6.763050e+00 6.787975e+00 6.814637e+00 6.842884e+00 6.872526e+00 6.903331e+00 6.935038e+00 6.967363e+00
6.965780e+00 6.931888e+00 6.898643e+00 6.866344e+00 6.835266e+00 6.805649e+00 6.777694e+00 6.751562e+00 6.727368e+00 6.705182e+00 6.685032e+00 6.666908e+00 6.650762e+00 6.636516e+00 6.624067e+00 6.613292e+00 6.604055e+00 6.596214e+00 6.589620e+00 6.584129e+00 6.579600e+00 6.575900e+00 6.572906e+00 6.570508e+00 6.568604e+00 6.567107e+00 6.565942e+00 6.565044e+00 6.564358e+00 6.563839e+00 6.563451e+00 6.563162e+00 6.562950e+00 6.562796e+00 6.562685e+00 6.562606e+00 6.562550e+00 6.562510e+00 6.562483e+00 6.562464e+00 6.562452e+00 6.562443e+00 6.562437e+00 6.562434e+00 6.562431e+00 6.562430e+00 6.562428e+00 6.562428e+00 6.562427e+00 6.562427e+00 6.562427e+00 6.562427e+00 6.562427e+00 6.562427e+00 6.562427e+00 6.562427e+00 6.562427e+00 6.562427e+00 6.562427e+00 6.562427e+00 6.562427e+00 6.562427e+00 6.562427e+00 6.562427e+00 6.562427e+00 6.562427e+00 6.562427e+00 6.562427e+00 6.562427e+00 6.562427e+00 6.562427e+00 6.562427e+00 6.562427e+00 6.562427e+00 6.562427e+00 6.562427e+00 6.562427e+00 6.562427e+00 6.562427e+00 6.562427e+00 6.562428e+00 6.562428e+00 6.562430e+00 6.562431e+00 6.562434e+00 6.562437e+00 6.562443e+00 6.562452e+00 6.562464e+00 6.562483e+00 6.562510e+00 6.562550e+00 6.562606e+00 6.562685e+00 6.562796e+00 6.562950e+00 6.563162e+00 6.563451e+00 6.563839e+00 6.564358e+00 6.565044e+00 6.565942e+00 6.567107e+00 6.568604e+00 6.570508e+00 6.572906e+00 6.575900e+00 6.579600e+00 6.584129e+00 6.589620e+00 6.596214e+00 6.604055e+00 6.613292e+00 6.624067e+00 6.636516e+00 6.650762e+00 6.666908e+00 6.685032e+00 6.705182e+00 6.727368e+00 6.751562e+00 6.777694e+00 6.805649e+00 6.835266e+00 6.866344e+00 6.898643e+00 6.931888e+00 6.965780e+00
6.964384e+00 6.929109e+00 6.894507e+00 6.860890e+00 6.828544e+00 6.797718e+00 6.768623e+00 6.741425e+00 6.716244e+00 6.693153e+00 6.672183e+00 6.653320e+00 6.636516e+00 6.621690e+00 6.608733e+00 6.597520e+00 6.587907e+00 6.579747e+00 6.572885e+00 6.567171e+00 6.562457e+00 6.558607e+00 6.555492e+00 6.552996e+00 6.551015e+00 6.549458e+00 6.548246e+00 6.547311e+00 6.546597e+00 6.546057e+00 6.545653e+00 6.545353e+00 6.545133e+00 6.544972e+00 6.544857e+00 6.544774e+00 6.544716e+00 6.544675e+00 6.544646e+00 6.544627e+00 6.544614e+00 6.544605e+00 6.544599e+00 6.544595e+00 6.544592e+00 6.544591e+00 6.544590e+00 6.544589e+00 6.544589e+00 6.544588e+00 6.544588e+00 6.544588e+00 6.544588e+00 6.544588e+00 6.544588e+00 6.544588e+00 6.544588e+00 6.544588e+00 6.544588e+00 6.544588e+00 6.544588e+00 6.544588e+00 6.544588e+00 6.544588e+00 6.544588e+00 6.544588e+00 6.544588e+00 6.544588e+00 6.544588e+00 6.544588e+00 6.544588e+00 6.544588e+00 6.544588e+00 6.544588e+00 6.544588e+00 6.544588e+00 6.544588e+00 6.544588e+00 6.544588e+00 6.544589e+00 6.544589e+00 6.544590e+00 6.544591e+00 6.544592e+00 6.544595e+00 6.544599e+00 6.544605e+00 6.544614e+00 6.544627e+00 6.544646e+00 6.544675e+00 6.544716e+00 6.544774e+00 6.544857e+00 6.544972e+00 6.545133e+00 6.545353e+00 6.545653e+00 6.546057e+00 6.546597e+00 6.547311e+00 6.548246e+00 6.549458e+00 6.551015e+00 6.552996e+00 6.555492e+00 6.558607e+00 6.562457e+00 6.567171e+00 6.572885e+00 6.579747e+00 6.587907e+00 6.597520e+00 6.608733e+00 6.621690e+00 6.636516e+00 6.653320e+00 6.672183e+00 6.693153e+00 6.716244e+00 6.741425e+00 6.768623e+00 6.797718e+00 6.828544e+00 6.860890e+00 6.894507e+00 6.929109e+00 6.964384e+00
6.963163e+00 6.926679e+00 6.890892e+00 6.856123e+00 6.822669e+00 6.790787e+00 6.760696e+00 6.732566e+00 6.706523e+00 6.682642e+00 6.660953e+00 6.641445e+00 6.624067e+00 6.608733e+00 6.595334e+00 6.583737e+00 6.573797e+00 6.565357e+00 6.558261e+00 6.552352e+00 6.547478e+00 6.543497e+00 6.540275e+00 6.537694e+00 6.535646e+00 6.534036e+00 6.532782e+00 6.531816e+00 6.531078e+00 6.530520e+00 6.530102e+00 6.529792e+00 6.529564e+00 6.529398e+00 6.529279e+00 6.529193e+00 6.529133e+00 6.529091e+00 6.529061e+00 6.529041e+00 6.529028e+00 6.529018e+00 6.529012e+00 6.529008e+00 6.529005e+00 6.529004e+00 6.529003e+00 6.529002e+00 6.529002e+00 6.529001e+00 6.529001e+00 6.529001e+00 6.529001e+00 6.529001e+00 6.529001e+00 6.529001e+00 6.529001e+00 6.529001e+00 6.529001e+00 6.529001e+00 6.529001e+00 6.529001e+00 6.529001e+00 6.529001e+00 6.529001e+00 6.529001e+00 6.529001e+00 6.529001e+00 6.529001e+00 6.529001e+00 6.529001e+00 6.529001e+00 6.529001e+00 6.529001e+00 6.529001e+00 6.529001e+00 6.529001e+00 6.529001e+00 6.529001e+00 6.529002e+00 6.529002e+00 6.529003e+00 6.529004e+00 6.529005e+00 6.529008e+00 6.529012e+00 6.529018e+00 6.529028e+00 6.529041e+00 6.529061e+00 6.529091e+00 6.529133e+00 6.529193e+00 6.529279e+00 6.529398e+00 6.529564e+00 6.529792e+00 6.530102e+00 6.530520e+00 6.531078e+00 6.531816e+00 6.532782e+00 6.534036e+00 6.535646e+00 6.537694e+00 6.540275e+00 6.543497e+00 6.547478e+00 6.552352e+00 6.558261e+00 6.565357e+00 6.573797e+00 6.583737e+00 6.595334e+00 6.608733e+00 6.624067e+00 6.641445e+00 6.660953e+00 6.682642e+00 6.706523e+00 6.732566e+00 6.760696e+00 6.790787e+00 6.822669e+00 6.856123e+00 6.890892e+00 6.926679e+00 6.963163e+00
6.962107e+00 6.924577e+00 6.887763e+00 6.851997e+00 6.817583e+00 6.784788e+00 6.753834e+00 6.724898e+00 6.698109e+00 6.673544e+00 6.651234e+00 6.631168e+00 6.613292e+00 6.597520e+00 6.583737e+00 6.571809e+00 6.561584e+00 6.552904e+00 6.545605e+00 6.539528e+00 6.534515e+00 6.530420e+00 6.527107e+00 6.524452e+00 6.522346e+00 6.520690e+00 6.519401e+00 6.518407e+00 6.517648e+00 6.517074e+00 6.516644e+00 6.516325e+00 6.516091e+00 6.515920e+00 6.515798e+00 6.515710e+00 6.515648e+00 6.515604e+00 6.515574e+00 6.515554e+00 6.515540e+00 6.515530e+00 6.515524e+00 6.515520e+00 6.515517e+00 6.515515e+00 6.515514e+00 6.515513e+00 6.515513e+00 6.515512e+00 6.515512e+00 6.515512e+00 6.515512e+00 6.515512e+00 6.515512e+00 6.515512e+00 6.515512e+00 6.515512e+00 6.515512e+00 6.515512e+00 6.515512e+00 6.515512e+00 6.515512e+00 6.515512e+00 6.515512e+00 6.515512e+00 6.515512e+00 6.515512e+00 6.515512e+00 6.515512e+00 6.515512e+00 6.515512e+00 6.515512e+00 6.515512e+00 6.515512e+00 6.515512e+00 6.515512e+00 6.515512e+00 6.515512e+00 6.515513e+00 6.515513e+00 6.515514e+00 6.515515e+00 6.515517e+00 6.515520e+00 6.515524e+00 6.515530e+00 6.515540e+00 6.515554e+00 6.515574e+00 6.515604e+00 6.515648e+00 6.515710e+00 6.515798e+00 6.515920e+00 6.516091e+00 6.516325e+00 6.516644e+00 6.517074e+00 6.517648e+00 6.518407e+00 6.519401e+00 6.520690e+00 6.522346e+00 6.524452e+00 6.527107e+00 6.530420e+00 6.534515e+00 6.539528e+00 6.545605e+00 6.552904e+00 6.561584e+00 6.571809e+00 6.583737e+00 6.597520e+00 6.613292e+00 6.631168e+00 6.651234e+00 6.673544e+00 6.698109e+00 6.724898e+00 6.753834e+00 6.784788e+00 6.817583e+00 6.851997e+00 6.887763e+00 6.924577e+00 6.962107e+00
6.961201e+00 6.922774e+00 6.885080e+00 6.848460e+00 6.813224e+00 6.779645e+00 6.747952e+00 6.718325e+00 6.690896e+00 6.665744e+00 6.642903e+00 6.622358e+00 6.604055e+00 6.587907e+00 6.573797e+00 6.561584e+00 6.551116e+00 6.542230e+00 6.534758e+00 6.528535e+00 6.523403e+00 6.519211e+00 6.515820e+00 6.513102e+00 6.510946e+00 6.509251e+00 6.507931e+00 6.506914e+00 6.506137e+00 6.505550e+00 6.505110e+00 6.504783e+00 6.504543e+00 6.504369e+00 6.504243e+00 6.504153e+00 6.504090e+00 6.504045e+00 6.504015e+00 6.503993e+00 6.503979e+00 6.503969e+00 6.503963e+00 6.503959e+00 6.503956e+00 6.503954e+00 6.503953e+00 6.503952e+00 6.503952e+00 6.503951e+00 6.503951e+00 6.503951e+00 6.503951e+00 6.503951e+00 6.503951e+00 6.503951e+00 6.503951e+00 6.503951e+00 6.503951e+00 6.503951e+00 6.503951e+00 6.503951e+00 6.503951e+00 6.503951e+00 6.503951e+00 6.503951e+00 6.503951e+00 6.503951e+00 6.503951e+00 6.503951e+00 6.503951e+00 6.503951e+00 6.503951e+00 6.503951e+00 6.503951e+00 6.503951e+00 6.503951e+00 6.503951e+00 6.503951e+00 6.503952e+00 6.503952e+00 6.503953e+00 6.503954e+00 6.503956e+00 6.503959e+00 6.503963e+00 6.503969e+00 6.503979e+00 6.503993e+00 6.504015e+00 6.504045e+00 6.504090e+00 6.504153e+00 6.504243e+00 6.504369e+00 6.504543e+00 6.504783e+00 6.505110e+00 6.505550e+00 6.506137e+00 6.506914e+00 6.507931e+00 6.509251e+00 6.510946e+00 6.513102e+00 6.515820e+00 6.519211e+00 6.523403e+00 6.528535e+00 6.534758e+00 6.542230e+00 6.551116e+00 6.561584e+00 6.573797e+00 6.587907e+00 6.604055e+00 6.622358e+00 6.642903e+00 6.665744e+00 6.690896e+00 6.718325e+00 6.747952e+00 6.779645e+00 6.813224e+00 6.848460e+00 6.885080e+00 6.922774e+00 6.961201e+00
6.960432e+00 6.921243e+00 6.882802e+00 6.845457e+00 6.809522e+00 6.775278e+00 6.742957e+00 6.712744e+00 6.684772e+00 6.659123e+00 6.635829e+00 6.614878e+00 6.596214e+00 6.579747e+00 6.565357e+00 6.552904e+00 6.542230e+00 6.533168e+00 6.525548e+00 6.519204e+00 6.513971e+00 6.509696e+00 6.506238e+00 6.503467e+00 6.501269e+00 6.499540e+00 6.498195e+00 6.497158e+00 6.496366e+00 6.495767e+00 6.495318e+00 6.494986e+00 6.494741e+00 6.494563e+00 6.494435e+00 6.494343e+00 6.494279e+00 6.494233e+00 6.494202e+00 6.494180e+00 6.494166e+00 6.494156e+00 6.494149e+00 6.494145e+00 6.494142e+00 6.494140e+00 6.494139e+00 6.494138e+00 6.494138e+00 6.494138e+00 6.494137e+00 6.494137e+00 6.494137e+00 6.494137e+00 6.494137e+00 6.494137e+00 6.494137e+00 6.494137e+00 6.494137e+00 6.494137e+00 6.494137e+00 6.494137e+00 6.494137e+00 6.494137e+00 6.494137e+00 6.494137e+00 6.494137e+00 6.494137e+00 6.494137e+00 6.494137e+00 6.494137e+00 6.494137e+00 6.494137e+00 6.494137e+00 6.494137e+00 6.494137e+00 6.494137e+00 6.494137e+00 6.494138e+00 6.494138e+00 6.494138e+00 6.494139e+00 6.494140e+00 6.494142e+00 6.494145e+00 6.494149e+00 6.494156e+00 6.494166e+00 6.494180e+00 6.494202e+00 6.494233e+00 6.494279e+00 6.494343e+00 6.494435e+00 6.494563e+00 6.494741e+00 6.494986e+00 6.495318e+00 6.495767e+00 6.496366e+00 6.497158e+00 6.498195e+00 6.499540e+00 6.501269e+00 6.503467e+00 6.506238e+00 6.509696e+00 6.513971e+00 6.519204e+00 6.525548e+00 6.533168e+00 6.542230e+00 6.552904e+00 6.565357e+00 6.579747e+00 6.596214e+00 6.614878e+00 6.635829e+00 6.659123e+00 6.684772e+00 6.712744e+00 6.742957e+00 6.775278e+00 6.809522e+00 6.845457e+00 6.882802e+00 6.921243e+00 6.960432e+00
6.959785e+00 6.919956e+00 6.880887e+00 6.842931e+00 6.806410e+00 6.771606e+00 6.738757e+00 6.708051e+00 6.679622e+00 6.653555e+00 6.629881e+00 6.608588e+00 6.589620e+00 6.572885e+00 6.558261e+00 6.545605e+00 6.534758e+00 6.525548e+00 6.517806e+00 6.511358e+00 6.506040e+00 6.501696e+00 6.498182e+00 6.495367e+00 6.493132e+00 6.491376e+00 6.490009e+00 6.488956e+00 6.488151e+00 6.487542e+00 6.487087e+00 6.486748e+00 6.486500e+00 6.486319e+00 6.486189e+00 6.486096e+00 6.486030e+00 6.485984e+00 6.485952e+00 6.485930e+00 6.485916e+00 6.485906e+00 6.485899e+00 6.485894e+00 6.485891e+00 6.485890e+00 6.485888e+00 6.485888e+00 6.485887e+00 6.485887e+00 6.485887e+00 6.485887e+00 6.485886e+00 6.485886e+00 6.485886e+00 6.485886e+00 6.485886e+00 6.485886e+00 6.485886e+00 6.485886e+00 6.485886e+00 6.485886e+00 6.485886e+00 6.485886e+00 6.485886e+00 6.485886e+00 6.485886e+00 6.485886e+00 6.485886e+00 6.485886e+00 6.485886e+00 6.485886e+00 6.485886e+00 6.485886e+00 6.485886e+00 6.485886e+00 6.485887e+00 6.485887e+00 6.485887e+00 6.485887e+00 6.485888e+00 6.485888e+00 6.485890e+00 6.485891e+00 6.485894e+00 6.485899e+00 6.485906e+00 6.485916e+00 6.485930e+00 6.485952e+00 6.485984e+00 6.486030e+00 6.486096e+00 6.486189e+00 6.486319e+00 6.486500e+00 6.486748e+00 6.487087e+00 6.487542e+00 6.488151e+00 6.488956e+00 6.490009e+00 6.491376e+00 6.493132e+00 6.495367e+00 6.498182e+00 6.501696e+00 6.506040e+00 6.511358e+00 6.517806e+00 6.525548e+00 6.534758e+00 6.545605e+00 6.558261e+00 6.572885e+00 6.589620e+00 6.608588e+00 6.629881e+00 6.653555e+00 6.679622e+00 6.708051e+00 6.738757e+00 6.771606e+00 6.806410e+00 6.842931e+00 6.880887e+00 6.919956e+00 6.959785e+00
6.959247e+00 6.918884e+00 6.879292e+00 6.840827e+00 6.803817e+00 6.768548e+00 6.735259e+00 6.704142e+00 6.675333e+00 6.648917e+00 6.624928e+00 6.603350e+00 6.584129e+00 6.567171e+00 6.552352e+00 6.539528e+00 6.528535e+00 6.519204e+00 6.511358e+00 6.504825e+00 6.499436e+00 6.495035e+00 6.491474e+00 6.488622e+00 6.486358e+00 6.484578e+00 6.483193e+00 6.482126e+00 6.481310e+00 6.480694e+00 6.480232e+00 6.479890e+00 6.479638e+00 6.479455e+00 6.479323e+00 6.479229e+00 6.479162e+00 6.479116e+00 6.479083e+00 6.479061e+00 6.479046e+00 6.479036e+00 6.479029e+00 6.479024e+00 6.479022e+00 6.479020e+00 6.479018e+00 6.479018e+00 6.479017e+00 6.479017e+00 6.479017e+00 6.479017e+00 6.479016e+00 6.479016e+00 6.479016e+00 6.479016e+00 6.479016e+00 6.479016e+00 6.479016e+00 6.479016e+00 6.479016e+00 6.479016e+00 6.479016e+00 6.479016e+00 6.479016e+00 6.479016e+00 6.479016e+00 6.479016e+00 6.479016e+00 6.479016e+00 6.479016e+00 6.479016e+00 6.479016e+00 6.479016e+00 6.479016e+00 6.479016e+00 6.479017e+00 6.479017e+00 6.479017e+00 6.479017e+00 6.479018e+00 6.479018e+00 6.479020e+00 6.479022e+00 6.479024e+00 6.479029e+00 6.479036e+00 6.479046e+00 6.479061e+00 6.479083e+00 6.479116e+00 6.479162e+00 6.479229e+00 6.479323e+00 6.479455e+00 6.479638e+00 6.479890e+00 6.480232e+00 6.480694e+00 6.481310e+00 6.482126e+00 6.483193e+00 6.484578e+00 6.486358e+00 6.488622e+00 6.491474e+00 6.495035e+00 6.499436e+00 6.504825e+00 6.511358e+00 6.519204e+00 6.528535e+00 6.539528e+00 6.552352e+00 6.567171e+00 6.584129e+00 6.603350e+00 6.624928e+00 6.648917e+00 6.675333e+00 6.704142e+00 6.735259e+00 6.768548e+00 6.803817e+00 6.840827e+00 6.879292e+00 6.918884e+00 6.959247e+00
6.958802e+00 6.918000e+00 6.877976e+00 6.839092e+00 6.801679e+00 6.766025e+00 6.732374e+00 6.700918e+00 6.671795e+00 6.645092e+00 6.620842e+00 6.599030e+00 6.579600e+00 6.562457e+00 6.547478e+00 6.534515e+00 6.523403e+00 6.513971e+00 6.506040e+00 6.499436e+00 6.493990e+00 6.489541e+00 6.485942e+00 6.483059e+00 6.480771e+00 6.478972e+00 6.477572e+00 6.476493e+00 6.475669e+00 6.475046e+00 6.474580e+00 6.474233e+00 6.473979e+00 6.473794e+00 6.473661e+00 6.473565e+00 6.473498e+00 6.473451e+00 6.473418e+00 6.473396e+00 6.473381e+00 6.473370e+00 6.473364e+00 6.473359e+00 6.473356e+00 6.473354e+00 6.473353e+00 6.473352e+00 6.473352e+00 6.473351e+00 6.473351e+00 6.473351e+00 6.473351e+00 6.473351e+00 6.473351e+00 6.473351e+00 6.473351e+00 6.473351e+00 6.473351e+00 6.473351e+00 6.473351e+00 6.473351e+00 6.473351e+00 6.473351e+00 6.473351e+00 6.473351e+00 6.473351e+00 6.473351e+00 6.473351e+00 6.473351e+00 6.473351e+00 6.473351e+00 6.473351e+00 6.473351e+00 6.473351e+00 6.473351e+00 6.473351e+00 6.473351e+00 6.473351e+00 6.473352e+00 6.473352e+00 6.473353e+00 6.473354e+00 6.473356e+00 6.473359e+00 6.473364e+00 6.473370e+00 6.473381e+00 6.473396e+00 6.473418e+00 6.473451e+00 6.473498e+00 6.473565e+00 6.473661e+00 6.473794e+00 6.473979e+00 6.474233e+00 6.474580e+00 6.475046e+00 6.475669e+00 6.476493e+00 6.477572e+00 6.478972e+00 6.480771e+00 6.483059e+00 6.485942e+00 6.489541e+00 6.493990e+00 6.499436e+00 6.506040e+00 6.513971e+00 6.523403e+00 6.534515e+00 6.547478e+00 6.562457e+00 6.579600e+00 6.599030e+00 6.620842e+00 6.645092e+00 6.671795e+00 6.700918e+00 6.732374e+00 6.766025e+00 6.801679e+00 6.839092e+00 6.877976e+00 6.918000e+00 6.958802e+00
6.958439e+00 6.917277e+00 6.876900e+00 6.837674e+00 6.799931e+00 6.763964e+00 6.730017e+00 6.698284e+00 6.668905e+00 6.641967e+00 6.617504e+00 6.595500e+00 6.575900e+00 6.558607e+00 6.543497e+00 6.530420e+00 6.519211e+00 6.509696e+00 6.501696e+00 6.495035e+00 6.489541e+00 6.485054e+00 6.481424e+00 6.478515e+00 6.476207e+00 6.474393e+00 6.472981e+00 6.471893e+00 6.471062e+00 6.470433e+00 6.469963e+00 6.469614e+00 6.469357e+00 6.469170e+00 6.469036e+00 6.468940e+00 6.468872e+00 6.468825e+00 6.468792e+00 6.468769e+00 6.468754e+00 6.468743e+00 6.468736e+00 6.468732e+00 6.468729e+00 6.468727e+00 6.468726e+00 6.468725e+00 6.468724e+00 6.468724e+00 6.468724e+00 6.468724e+00 6.468724e+00 6.468724e+00 6.468724e+00 6.468724e+00 6.468724e+00 6.468724e+00 6.468724e+00 6.468724e+00 6.468724e+00 6.468724e+00 6.468724e+00 6.468724e+00 6.468724e+00 6.468724e+00 6.468724e+00 6.468724e+00 6.468724e+00 6.468724e+00 6.468724e+00 6.468724e+00 6.468724e+00 6.468724e+00 6.468724e+00 6.468724e+00 6.468724e+00 6.468724e+00 6.468724e+00 6.468724e+00 6.468725e+00 6.468726e+00 6.468727e+00 6.468729e+00 6.468732e+00 6.468736e+00 6.468743e+00 6.468754e+00 6.468769e+00 6.468792e+00 6.468825e+00 6.468872e+00 6.468940e+00 6.469036e+00 6.469170e+00 6.469357e+00 6.469614e+00 6.469963e+00 6.470433e+00 6.471062e+00 6.471893e+00 6.472981e+00 6.474393e+00 6.476207e+00 6.478515e+00 6.481424e+00 6.485054e+00 6.489541e+00 6.495035e+00 6.501696e+00 6.509696e+00 6.519211e+00 6.530420e+00 6.543497e+00 6.558607e+00 6.575900e+00 6.595500e+00 6.617504e+00 6.641967e+00 6.668905e+00 6.698284e+00 6.730017e+00 6.763964e+00 6.799931e+00 6.837674e+00 6.876900e+00 6.917277e+00 6.958439e+00
6.958145e+00 6.916692e+00 6.876030e+00 6.836527e+00 6.798517e+00 6.762296e+00 6.728109e+00 6.696152e+00 6.666567e+00 6.639439e+00 6.614803e+00 6.592645e+00 6.572906e+00 6.555492e+00 6.540275e+00 6.527107e+00 6.515820e+00 6.506238e+00 6.498182e+00 6.491474e+00 6.485942e+00 6.481424e+00 6.477768e+00 6.474840e+00 6.472516e+00 6.470689e+00 6.469267e+00 6.468171e+00 6.467335e+00 6.466702e+00 6.466228e+00 6.465876e+00 6.465618e+00 6.465430e+00 6.465295e+00 6.465198e+00 6.465130e+00 6.465082e+00 6.465049e+00 6.465026e+00 6.465011e+00 6.465000e+00 6.464993e+00 6.464989e+00 6.464986e+00 6.464984e+00 6.464983e+00 6.464982e+00 6.464981e+00 6.464981e+00 6.464981e+00 6.464981e+00 6.464981e+00 6.464980e+00 6.464980e+00 6.464980e+00 6.464980e+00 6.464980e+00 6.464980e+00 6.464980e+00 6.464980e+00 6.464980e+00 6.464980e+00 6.464980e+00 6.464980e+00 6.464980e+00 6.464980e+00 6.464980e+00 6.464980e+00 6.464980e+00 6.464980e+00 6.464980e+00 6.464980e+00 6.464980e+00 6.464980e+00 6.464981e+00 6.464981e+00 6.464981e+00 6.464981e+00 6.464981e+00 6.464982e+00 6.464983e+00 6.464984e+00 6.464986e+00 6.464989e+00 6.464993e+00 6.465000e+00 6.465011e+00 6.465026e+00 6.465049e+00 6.465082e+00 6.465130e+00 6.465198e+00 6.465295e+00 6.465430e+00 6.465618e+00 6.465876e+00 6.466228e+00 6.466702e+00 6.467335e+00 6.468171e+00 6.469267e+00 6.470689e+00 6.472516e+00 6.474840e+00 6.477768e+00 6.481424e+00 6.485942e+00 6.491474e+00 6.498182e+00 6.506238e+00 6.515820e+00 6.527107e+00 6.540275e+00 6.555492e+00 6.572906e+00 6.592645e+00 6.614803e+00 6.639439e+00 6.666567e+00 6.696152e+00 6.728109e+00 6.762296e+00 6.798517e+00 6.836527e+00 6.876030e+00 6.916692e+00 6.958145e+00
6.957910e+00 6.916224e+00 6.875333e+00 6.835608e+00 6.797384e+00 6.760959e+00 6.726580e+00 6.694444e+00 6.664693e+00 6.637412e+00 6.612639e+00 6.590356e+00 6.570508e+00 6.552996e+00 6.537694e+00 6.524452e+00 6.513102e+00 6.503467e+00 6.495367e+00 6.488622e+00 6.483059e+00 6.478515e+00 6.474840e+00 6.471895e+00 6.469558e+00 6.467721e+00 6.466292e+00 6.465190e+00 6.464349e+00 6.463712e+00 6.463236e+00 6.462882e+00 6.462623e+00 6.462434e+00 6.462298e+00 6.462201e+00 6.462132e+00 6.462084e+00 6.462050e+00 6.462028e+00 6.462012e+00 6.462001e+00 6.461994e+00 6.461990e+00 6.461987e+00 6.461985e+00 6.461984e+00 6.461983e+00 6.461982e+00 6.461982e+00 6.461982e+00 6.461982e+00 6.461982e+00 6.461982e+00 6.461982e+00 6.461982e+00 6.461982e+00 6.461982e+00 6.461982e+00 6.461982e+00 6.461982e+00 6.461982e+00 6.461982e+00 6.461982e+00 6.461982e+00 6.461982e+00 6.461982e+00 6.461982e+00 6.461982e+00 6.461982e+00 6.461982e+00 6.461982e+00 6.461982e+00 6.461982e+00 6.461982e+00 6.461982e+00 6.461982e+00 6.461982e+00 6.461982e+00 6.461982e+00 6.461983e+00 6.461984e+00 6.461985e+00 6.461987e+00 6.461990e+00 6.461994e+00 6.462001e+00 6.462012e+00 6.462028e+00 6.462050e+00 6.462084e+00 6.462132e+00 6.462201e+00 6.462298e+00 6.462434e+00 6.462623e+00 6.462882e+00 6.463236e+00 6.463712e+00 6.464349e+00 6.465190e+00 6.466292e+00 6.467721e+00 6.469558e+00 6.471895e+00 6.474840e+00 6.478515e+00 6.483059e+00 6.488622e+00 6.495367e+00 6.503467e+00 6.513102e+00 6.524452e+00 6.537694e+00 6.552996e+00 6.570508e+00 6.590356e+00 6.612639e+00 6.637412e+00 6.664693e+00 6.694444e+00 6.726580e+00 6.760959e+00 6.797384e+00 6.835608e+00 6.875333e+00 6.916224e+00 6.957910e+00
